-81.67181610833822 33.27247227626528
-81.67316235878285 33.27201833762514
-81.67414523391295 33.271270562452
-81.67476159834479 33.27019033086133
-81.67585071787843 33.26928683941824
-81.67705107763662 33.26825453047734
-81.67796665515844 33.26744477552189
-81.6788514612485 33.26679683912084
-81.67949019285415 33.26662900514513
-81.68004170223867 33.2663424533265
-81.68056666045757 33.26590511923408
-81.68126962854711 33.26540474232647
-81.6802217175302 33.266089222698
-81.67959208785771 33.26654430608478
-81.67913955229088 33.26666155119372
-81.67827553029467 33.2670850846451
-81.67717660791361 33.26801171713417
-81.67627558094945 33.2687412049735
-81.67512912624568 33.26969200403703
-81.67450344779473 33.2704043523527
-81.6736230739488 33.27163453427968
-81.67279788762643 33.27201647476804
-81.67181610833822 33.27247227626528
