437287.87	3682412.68	-81.6732750525	33.2808138962 0.0000314894
436497.6	3682296.07	-81.6817529428	33.2797158411 0.0000314885
436307.51	3682353.98	-81.6837982024	33.2802269277 0.0000314885
436158.97	3682265.41	-81.6853870025	33.2794192890 0.0000314881
436669.336	3681492.08	-81.6798526960	33.2724744658 0.0000314758
436642	3682574	-81.6802217903	33.2822310977 0.0000314924
436648.6	3682382	-81.6801375028	33.2804997677 0.0000314896
436651.944	3682161.711	-81.6800862057	33.2785130966 0.0000314858
436564.873	3681240.079	-81.6809567099	33.2701954284 0.0000314716
436638.21	3681157.14	-81.6801635075	33.2694516843 0.0000314714
436579.96	3681181.59	-81.6807906341	33.2696687818 0.0000314710
436556.04	3681106.64	-81.6810422175	33.2689913712 0.0000314703
436489.38	3681213.49	-81.6817654071	33.2699511656 0.0000314724
436481.41	3681098.67	-81.6818429412	33.2689150908 0.0000314700
436452.06	3681102.82	-81.6821583544	33.2689507910 0.0000314700
436449.51	3681067.41	-81.6821832528	33.2686312644 0.0000314710
436476.3	3681049.87	-81.6818943891	33.2684746439 0.0000314686
436505.01	3681009.69	-81.6815833278	33.2681139370 0.0000314685
436470.88	3680983.21	-81.6819479145	33.2678730925 0.0000314684
436675.15	3681322.82	-81.6797784551	33.2709481870 0.0000314736
436429.74	3680950.36	-81.6823873161	33.2675743801 0.0000314682
436430.2	3681022.17	-81.6823874084	33.2682220889 0.0000314695
436394.02	3681037.75	-81.6827769517	33.2683604762 0.0000314699
436374.24	3681013.83	-81.6829876452	33.2681435651 0.0000314682
436741.351	3681344.416	-81.6790691630	33.2711468579 0.0000314737
436816.547	3681309.274	-81.6782593365	33.2708343104 0.0000314739
436873.245	3681299.553	-81.6776498961	33.2707499558 0.0000314735
436836.071	3681382.142	-81.6780547817	33.2714926797 0.0000314753
436736	3681651	-81.6791479979	33.2739117420 0.0000314783
437038.98	3681393.07	-81.6758768981	33.2716031186 0.0000314756
436917.13	3681415.9	-81.6771867956	33.2718019047 0.0000314755
436781.02	3681421.4	-81.6786486020	33.2718435343 0.0000314746
437006.25	3681589.13	-81.6762419368	33.2733695474 0.0000314775
437034.83	3681653.04	-81.6759395019	33.2739476471 0.0000314786
436789.41	3681804.82	-81.6785852366	33.2753022380 0.0000314805
436898.02	3681966.45	-81.6774302817	33.2767664078 0.0000314824
436855.77	3682006.23	-81.6778867184	33.2771227229 0.0000314841
436741.14	3681167.18	-81.6790590703	33.2695482857 0.0000314712
436741.14	3681167.18	-81.6790590703	33.2695482857 0.0000314712
436743.77	3681058.99	-81.6790232895	33.2685726326 0.0000314699
436747.97	3680950.52	-81.6789706338	33.2675945459 0.0000314687
436673.9	3681588.23	-81.6798104039	33.2733419474 0.0000314781
436595.07	3681595.68	-81.6806573426	33.2734045057 0.0000314775
436548.86	3681520.58	-81.6811482584	33.2727244302 0.0000314766
436530.73	3681334.99	-81.6813299388	33.2710494563 0.0000314737
436617.6	3681185.24	-81.6803867556	33.2697039170 0.0000314720
436350.5	3680998.7	-81.6832414711	33.2680057002 0.0000314689
436355.27	3681230.56	-81.6832065219	33.2700972143 0.0000314729
436388.96	3681491.67	-81.6828631059	33.2724542521 0.0000314753
436265.07	3681173.02	-81.6841709439	33.2695729088 0.0000314717
436187.41	3681356.59	-81.6850176746	33.2712239986 0.0000314725
436140.72	3681096.66	-81.6855006888	33.2688768285 0.0000314703
436493.34	3681110.73	-81.6817156963	33.2690245676 0.0000314699
436961.62	3681735.18	-81.6767312912	33.2746842185 0.0000314806
436143.41	3680736.15	-81.6854464362	33.2656254141 0.0000314651
436018.32	3681471.32	-81.6868412832	33.2722487634 0.0000314743
436296.19	3681583.07	-81.6838656092	33.2732731416 0.0000314779
436312.94	3681732.75	-81.6836962696	33.2746241507 0.0000314800
436726.43	3681679.46	-81.6792527394	33.2741678716 0.0000314790
436679.32	3681448.59	-81.6797424606	33.2720827997 0.0000314747
436674.4	3681369.07	-81.6797897362	33.2713652894 0.0000314749
436734	3681589	-81.6791651483	33.2733524230 0.0000314779
436734	3681589	-81.6791651483	33.2733524230 0.0000314779
436910.98	3681328.41	-81.6772467442	33.2710124382 0.0000314736
436444.926	3681187.891	-81.6822409093	33.2697176578 0.0000314707
436444.926	3681187.891	-81.6822409093	33.2697176578 0.0000314707
436723.77	3681318.65	-81.6792561329	33.2709134322 0.0000314741
436723.65	3681261.16	-81.6792534115	33.2703949008 0.0000314727
436726.85	3681228.37	-81.6792167666	33.2700993430 0.0000314726
436213.45	3681140.37	-81.6847228814	33.2692753723 0.0000314710
436285.62	3681078.66	-81.6839436765	33.2687230559 0.0000314697
436430.22	3681278.32	-81.6824051411	33.2705324036 0.0000314732
436483.95	3681311.7	-81.6818305839	33.2708366387 0.0000314739
436581.4	3681372.57	-81.6807885233	33.2713913878 0.0000314739
436419.33	3681156.47	-81.6825135268	33.2694327502 0.0000314719
436360.19	3681123.32	-81.6831461743	33.2691302671 0.0000314714
436750.62	3681369.15	-81.6789713662	33.2713704875 0.0000314744
436469.09	3681082.64	-81.6819740950	33.2687697840 0.0000314696
436425.22	3681053.51	-81.6824430727	33.2685044625 0.0000314706
436908.23	3681373.7	-81.6772794206	33.2714207654 0.0000314740
436799.94	3681288.05	-81.6784361666	33.2706419090 0.0000314734
436549.88	3681172.45	-81.6811129581	33.2695845741 0.0000314710
436529.81	3681140.09	-81.6813261818	33.2692915251 0.0000314707
436689.4	3681194.35	-81.6796164881	33.2697903041 0.0000314718
436787.87	3681319.92	-81.6785679820	33.2709286489 0.0000314733
436875.86	3681365.57	-81.6776264126	33.2713455420 0.0000314744
436793.08	3681354.97	-81.6785144844	33.2712450840 0.0000314741
436789.459	3681398.089	-81.6785563675	33.2716337785 0.0000314742
436975.13	3681442.81	-81.6765659147	33.2720480104 0.0000314758
436946.1	3681421.44	-81.6768761275	33.2718535677 0.0000314751
436910.46	3681351.73	-81.6772539492	33.2712227400 0.0000314728
436892.52	3681306.3	-81.6774434108	33.2708119386 0.0000314739
436901.13	3681258.14	-81.6773476160	33.2703780690 0.0000314711
436843.31	3681353.37	-81.6779750532	33.2712335982 0.0000314743
436765.58	3681291.63	-81.6788053371	33.2706721827 0.0000314727
436822.71	3681272.68	-81.6781906163	33.2705046162 0.0000314733
436415.78	3681120.3	-81.6825491075	33.2691063098 0.0000314706
436736.56	3681194.99	-81.6791101840	33.2697988460 0.0000314716
436836.512	3681433.186	-81.6780536007	33.2719530911 0.0000314755
436836.512	3681433.186	-81.6780536007	33.2719530911 0.0000314755
436726.35	3681243.15	-81.6792231658	33.2702326202 0.0000314727
436698.93	3681233.25	-81.6795168803	33.2701417180 0.0000314715
436704.7	3681258.07	-81.6794566602	33.2703659180 0.0000314728
436669.82	3681227.7	-81.6798290431	33.2700899501 0.0000314725
436648.53	3681205.83	-81.6800561038	33.2698914448 0.0000314713
436596.17	3681214.59	-81.6806188967	33.2699673752 0.0000314715
436583.15	3681067.41	-81.6807484029	33.2686391364 0.0000314701
436719.75	3682122.61	-81.6793553839	33.2781644158 0.0000314854
436719.95	3682034.37	-81.6793470793	33.2773685580 0.0000314842
436736.1	3681895	-81.6791639429	33.2761124762 0.0000314819
436440	3681189	-81.6822938765	33.2697273698 0.0000314716
437007.488	3681579.118	-81.6762279488	33.2732793176 0.0000314775
437046.2	3682032	-81.6758437217	33.2773662984 0.0000314844
436975.8	3680933	-81.6765233060	33.2674498726 0.0000314678
437162.073	3681148.166	-81.6745382785	33.2694014173 0.0000314713
436295.4	3681577	-81.6838736653	33.2732183473 0.0000314760
436176.21	3681346.43	-81.6851372141	33.2711316985 0.0000314732
436350.93	3680993.49	-81.6832364889	33.2679587347 0.0000314689
436681.8	3681563	-81.6797238184	33.2731148527 0.0000314772
436871.9	3681290	-81.6776636726	33.2706637148 0.0000314739
436516.4	3681762	-81.6815136835	33.2748999754 0.0000314803
436562.3	3681523	-81.6810041200	33.2727470485 0.0000314768
436556.5	3681628	-81.6810737394	33.2736937414 0.0000314776
436555.2	3681710	-81.6810934334	33.2744332536 0.0000314800
436552.1	3681815	-81.6811340641	33.2753801052 0.0000314813
436719.8153	3681887.2	-81.6793382572	33.2760411686 0.0000314816
436613.3881	3681917.22	-81.6804831267	33.2763056733 0.0000314827
436569.3814	3681890.53	-81.6809537872	33.2760623560 0.0000314828
436495.2899	3681841.65	-81.6817459287	33.2756171241 0.0000314811
436726.7939	3681978.63	-81.6792697024	33.2768662201 0.0000314846
436792.711	3681393.638	-81.6785211405	33.2715938240 0.0000314750
